129 18 0.31971865618948514 231 2 0.006796968666268411 - 0.53

135 120 0.30663581355538877 165 2 0.009279252546909277 - 0.53

31 15 0.6424248228237135 91 2 0.009837578368669542 - 0.527

49 39 0.5717910509431781 20 4 0.009016638777146367 - 0.53, very early stopping

110 80 0.8358252153003733 225 1 0.0022951805712179796 - 0.53

129 18 0.31971865618948514 231 2 0.006796968666268411



13 1 0.3039707403478863 85 4 0.00760677832940744 - 54.9 percent




1,1,0.3390083306643309,168,3,0.0005556090000990239 Directional Accuracy:  0.5543859649122806
1,1,0.7347831933293256,57,3,0.0005845743818329997 Directional Accuracy:  0.5473684210526316
1,1,0.4422355116132325,62,4,0.0007249353803618862 Directional Accuracy:  0.5368421052631579
1,1,0.4427736536724523,75,3,0.000509750695823265 Directional Accuracy:  0.5298245614035088
1,1,0.5400683347411983,37,4,0.0006998271596439826 Directional Accuracy:  0.5263157894736842
1,1,0.3039389721651526,5,2,0.0007468000420801533 Directional Accuracy:  0.5228070175438596
1,1,0.3179656770953574,146,2,0.0008639351014564118 Directional Accuracy:  0.519298245614035

all getting around 0.5 mean validation loss

on test set, mean test loss around 0.23


Sentiment Analysis
CV mean scores: [0.8290621049399552, 0.8091201085455616, 0.7533532567956761, 0.7504961139385332, 0.7475572703055503, 0.743413035759313, 0.7390646007331286, 0.7262258032423012, 0.7091835497211745, 0.702040109368916, 0.7005695211336219, 0.48295567951614204]
SVM Score 0.8238636363636364
NB Score 0.8522727272727273
